     -50.000     474.622159
     -49.900     474.591034
     -49.800     474.563414
     -49.700     474.539477
     -49.600     474.519445
     -49.500     474.503570
     -49.400     474.492119
     -49.300     474.485353
     -49.200     474.483522
     -49.100     474.486845
     -49.000     474.495506
     -48.900     474.511861
     -48.800     474.533457
     -48.700     474.560190
     -48.600     474.591943
     -48.500     474.628596
     -48.400     474.670025
     -48.300     474.716109
     -48.200     474.766731
     -48.100     474.821783
     -48.000     474.881162
     -47.900     474.944399
     -47.800     475.011881
     -47.700     475.083528
     -47.600     475.159242
     -47.500     475.238907
     -47.400     475.322389
     -47.300     475.409535
     -47.200     475.500170
     -47.100     475.594105
     -47.000     475.691132
     -46.900     475.791851
     -46.800     475.895152
     -46.700     476.000732
     -46.600     476.108289
     -46.500     476.217532
     -46.400     476.328185
     -46.300     476.440003
     -46.200     476.552769
     -46.100     476.666310
     -46.000     476.780501
     -45.900     476.892273
     -45.800     477.004793
     -45.700     477.118355
     -45.600     477.233288
     -45.500     477.349951
     -45.400     477.468707
     -45.300     477.589908
     -45.200     477.713878
     -45.100     477.840892
     -45.000     477.971159
     -44.900     478.109508
     -44.800     478.250905
     -44.700     478.394899
     -44.600     478.540966
     -44.500     478.688535
     -44.400     478.837002
     -44.300     478.985753
     -44.200     479.134190
     -44.100     479.281749
     -44.000     479.427920
     -43.900     479.568159
     -43.800     479.706645
     -43.700     479.843441
     -43.600     479.978668
     -43.500     480.112491
     -43.400     480.245106
     -43.300     480.376731
     -43.200     480.507587
     -43.100     480.637891
     -43.000     480.767844
     -42.900     480.899144
     -42.800     481.030150
     -42.700     481.160862
     -42.600     481.291271
     -42.500     481.421356
     -42.400     481.551088
     -42.300     481.680426
     -42.200     481.809317
     -42.100     481.937699
     -42.000     482.065494
     -41.900     482.193525
     -41.800     482.320780
     -41.700     482.447036
     -41.600     482.572046
     -41.500     482.695540
     -41.400     482.817233
     -41.300     482.936830
     -41.200     483.054032
     -41.100     483.168547
     -41.000     483.280092
     -40.900     483.387275
     -40.800     483.491104
     -40.700     483.591457
     -40.600     483.688232
     -40.500     483.781346
     -40.400     483.870737
     -40.300     483.956359
     -40.200     484.038182
     -40.100     484.116196
     -40.000     484.190401
     -39.900     484.259891
     -39.800     484.325599
     -39.700     484.387659
     -39.600     484.446224
     -39.500     484.501454
     -39.400     484.553505
     -39.300     484.602522
     -39.200     484.648626
     -39.100     484.691899
     -39.000     484.732383
     -38.900     484.773318
     -38.800     484.811183
     -38.700     484.845547
     -38.600     484.875923
     -38.500     484.901778
     -38.400     484.922553
     -38.300     484.937680
     -38.200     484.946602
     -38.100     484.948787
     -38.000     484.943752
     -37.900     484.927309
     -37.800     484.903172
     -37.700     484.871387
     -37.600     484.832062
     -37.500     484.785357
     -37.400     484.731471
     -37.300     484.670632
     -37.200     484.603075
     -37.100     484.529038
     -37.000     484.448742
     -36.900     484.364404
     -36.800     484.273952
     -36.700     484.177343
     -36.600     484.074502
     -36.500     483.965322
     -36.400     483.849672
     -36.300     483.727391
     -36.200     483.598300
     -36.100     483.462197
     -36.000     483.318864
     -35.900     483.168460
     -35.800     483.010351
     -35.700     482.844252
     -35.600     482.669872
     -35.500     482.486923
     -35.400     482.295126
     -35.300     482.094221
     -35.200     481.883968
     -35.100     481.664156
     -35.000     481.434609
     -34.900     481.193870
     -34.800     480.943310
     -34.700     480.682975
     -34.600     480.412942
     -34.500     480.133309
     -34.400     479.844191
     -34.300     479.545716
     -34.200     479.238020
     -34.100     478.921246
     -34.000     478.595540
     -33.900     478.260913
     -33.800     477.917543
     -33.700     477.565610
     -33.600     477.205314
     -33.500     476.836871
     -33.400     476.460508
     -33.300     476.076454
     -33.200     475.684938
     -33.100     475.286179
     -33.000     474.880374
     -32.900     474.470413
     -32.800     474.053611
     -32.700     473.629817
     -32.600     473.198838
     -32.500     472.760455
     -32.400     472.314433
     -32.300     471.860542
     -32.200     471.398575
     -32.100     470.928361
     -32.000     470.449789
     -31.900     469.958848
     -31.800     469.459886
     -31.700     468.953387
     -31.600     468.439910
     -31.500     467.920077
     -31.400     467.394549
     -31.300     466.864018
     -31.200     466.329180
     -31.100     465.790725
     -31.000     465.249315
     -30.900     464.708244
     -30.800     464.165065
     -30.700     463.620098
     -30.600     463.073644
     -30.500     462.525992
     -30.400     461.977423
     -30.300     461.428222
     -30.200     460.878677
     -30.100     460.329091
     -30.000     459.779778
     -29.900     459.230758
     -29.800     458.682856
     -29.700     458.136436
     -29.600     457.591852
     -29.500     457.049450
     -29.400     456.509567
     -29.300     455.972534
     -29.200     455.438675
     -29.100     454.908315
     -29.000     454.381777
     -28.900     453.859001
     -28.800     453.340736
     -28.700     452.827373
     -28.600     452.319324
     -28.500     451.817019
     -28.400     451.320912
     -28.300     450.831477
     -28.200     450.349217
     -28.100     449.874658
     -28.000     449.408351
     -27.900     448.949330
     -27.800     448.499779
     -27.700     448.060453
     -27.600     447.632119
     -27.500     447.215534
     -27.400     446.811432
     -27.300     446.420505
     -27.200     446.043389
     -27.100     445.680645
     -27.000     445.332751
     -26.900     445.004465
     -26.800     444.691364
     -26.700     444.393255
     -26.600     444.109876
     -26.500     443.840928
     -26.400     443.586097
     -26.300     443.345082
     -26.200     443.117624
     -26.100     442.903528
     -26.000     442.702684
     -25.900     442.509482
     -25.800     442.330156
     -25.700     442.165382
     -25.600     442.015905
     -25.500     441.882507
     -25.400     441.765983
     -25.300     441.667112
     -25.200     441.586633
     -25.100     441.525219
     -25.000     441.483456
     -24.900     441.466139
     -24.800     441.468857
     -24.700     441.491525
     -24.600     441.533981
     -24.500     441.595999
     -24.400     441.677309
     -24.300     441.777606
     -24.200     441.896569
     -24.100     442.033872
     -24.000     442.189199
     -23.900     442.360504
     -23.800     442.549478
     -23.700     442.756008
     -23.600     442.979997
     -23.500     443.221360
     -23.400     443.480023
     -23.300     443.755922
     -23.200     444.049001
     -23.100     444.359205
     -23.000     444.686485
     -22.900     445.030791
     -22.800     445.392064
     -22.700     445.770250
     -22.600     446.165284
     -22.500     446.577091
     -22.400     447.005585
     -22.300     447.450663
     -22.200     447.912205
     -22.100     448.390075
     -22.000     448.884113
     -21.900     449.393864
     -21.800     449.919384
     -21.700     450.460484
     -21.600     451.016961
     -21.500     451.588596
     -21.400     452.175149
     -21.300     452.776356
     -21.200     453.391929
     -21.100     454.021550
     -21.000     454.664871
     -20.900     455.323409
     -20.800     455.994724
     -20.700     456.678200
     -20.600     457.373198
     -20.500     458.079064
     -20.400     458.795146
     -20.300     459.520801
     -20.200     460.255409
     -20.100     460.998384
     -20.000     461.749186
     -19.900     462.504413
     -19.800     463.266837
     -19.700     464.036312
     -19.600     464.812716
     -19.500     465.595939
     -19.400     466.385868
     -19.300     467.182374
     -19.200     467.985297
     -19.100     468.794435
     -19.000     469.609535
     -18.900     470.432226
     -18.800     471.259863
     -18.700     472.091872
     -18.600     472.927656
     -18.500     473.766603
     -18.400     474.608094
     -18.300     475.451507
     -18.200     476.296228
     -18.100     477.141649
     -18.000     477.987175
     -17.900     478.832663
     -17.800     479.677248
     -17.700     480.520294
     -17.600     481.361147
     -17.500     482.199138
     -17.400     483.033589
     -17.300     483.863820
     -17.200     484.689152
     -17.100     485.508918
     -17.000     486.322471
     -16.900     487.126975
     -16.800     487.924155
     -16.700     488.713665
     -16.600     489.495196
     -16.500     490.268467
     -16.400     491.033216
     -16.300     491.789187
     -16.200     492.536122
     -16.100     493.273747
     -16.000     494.001764
     -15.900     494.721787
     -15.800     495.431307
     -15.700     496.129749
     -15.600     496.816508
     -15.500     497.490957
     -15.400     498.152452
     -15.300     498.800338
     -15.200     499.433956
     -15.100     500.052650
     -15.000     500.655772
     -14.900     501.242442
     -14.800     501.812359
     -14.700     502.364938
     -14.600     502.899615
     -14.500     503.415844
     -14.400     503.913107
     -14.300     504.390916
     -14.200     504.848813
     -14.100     505.286375
     -14.000     505.703217
     -13.900     506.098206
     -13.800     506.471923
     -13.700     506.824152
     -13.600     507.154700
     -13.500     507.463387
     -13.400     507.750044
     -13.300     508.014507
     -13.200     508.256618
     -13.100     508.476222
     -13.000     508.673166
     -12.900     508.846836
     -12.800     508.997444
     -12.700     509.124928
     -12.600     509.229259
     -12.500     509.310445
     -12.400     509.368521
     -12.300     509.403551
     -12.200     509.415613
     -12.100     509.404794
     -12.000     509.371178
     -11.900     509.318341
     -11.800     509.242720
     -11.700     509.144007
     -11.600     509.021857
     -11.500     508.875902
     -11.400     508.705775
     -11.300     508.511126
     -11.200     508.291654
     -11.100     508.047126
     -11.000     507.777406
     -10.900     507.476578
     -10.800     507.151046
     -10.700     506.801598
     -10.600     506.429156
     -10.500     506.034746
     -10.400     505.619474
     -10.300     505.184488
     -10.200     504.730949
     -10.100     504.259993
     -10.000     503.772699
      -9.900     503.275471
      -9.800     502.763300
      -9.700     502.236498
      -9.600     501.695288
      -9.500     501.139825
      -9.400     500.570216
      -9.300     499.986545
      -9.200     499.388894
      -9.100     498.777371
      -9.000     498.152130
      -8.900     497.511040
      -8.800     496.857039
      -8.700     496.190721
      -8.600     495.512757
      -8.500     494.823889
      -8.400     494.124925
      -8.300     493.416733
      -8.200     492.700226
      -8.100     491.976357
      -8.000     491.246104
      -7.900     490.510012
      -7.800     489.769612
      -7.700     489.025917
      -7.600     488.279913
      -7.500     487.532541
      -7.400     486.784698
      -7.300     486.037221
      -7.200     485.290890
      -7.100     484.546427
      -7.000     483.804492
      -6.900     483.066092
      -6.800     482.331125
      -6.700     481.600126
      -6.600     480.873635
      -6.500     480.152208
      -6.400     479.436415
      -6.300     478.726841
      -6.200     478.024088
      -6.100     477.328766
      -6.000     476.641486
      -5.900     475.964980
      -5.800     475.297791
      -5.700     474.640258
      -5.600     473.992665
      -5.500     473.355251
      -5.400     472.728224
      -5.300     472.111766
      -5.200     471.506054
      -5.100     470.911269
      -5.000     470.327614
      -4.900     469.750923
      -4.800     469.186147
      -4.700     468.634003
      -4.600     468.095238
      -4.500     467.570614
      -4.400     467.060883
      -4.300     466.566766
      -4.200     466.088937
      -4.100     465.627996
      -4.000     465.184459
      -3.900     464.762912
      -3.800     464.359064
      -3.700     463.972784
      -3.600     463.603876
      -3.500     463.252092
      -3.400     462.917150
      -3.300     462.598753
      -3.200     462.296599
      -3.100     462.010395
      -3.000     461.739873
      -2.900     461.483175
      -2.800     461.241964
      -2.700     461.016182
      -2.600     460.805782
      -2.500     460.610731
      -2.400     460.431002
      -2.300     460.266573
      -2.200     460.117429
      -2.100     459.983556
      -2.000     459.864942
      -1.900     459.760509
      -1.800     459.671386
      -1.700     459.597652
      -1.600     459.539371
      -1.500     459.496587
      -1.400     459.469313
      -1.300     459.457526
      -1.200     459.461159
      -1.100     459.480097
      -1.000     459.514175
      -0.900     459.564866
      -0.800     459.629954
      -0.700     459.708998
      -0.600     459.801540
      -0.500     459.907113
      -0.400     460.025250
      -0.300     460.155485
      -0.200     460.297366
      -0.100     460.450451
       0.000     460.614311
